0,524
0,523
90,4
90,3
90,2
90,1
90,0
89,3
89,2
0,522
89,1
89,0
0,521
0,520
88,5
0,519
0,472
88,4
88,3
88,2
88,1
88,0
87,4
87,3
87,2
87,1
87,0
86,4
86,3
86,2
86,1
86,0
85,4
85,3
85,2
85,1
85,0
84,3
84,2
84,1
84,0
0,278
0,9
10,278
10,22
10,173
10,274
10,203
10,98
10,239
10,213
11,25
11,22
8,12
80,4
80,3
80,2
80,1
80,0
78,5
78,4
78,3
78,2
78,1
78,0
77,4
77,3
77,2
77,1
77,0
76,4
76,3
76,2
76,1
76,0
75,4
75,3
75,2
75,1
75,0
74,3
74,2
74,1
74,0
20,3
20,2
20,1
19,3
19,2
19,1
12,3
12,2
12,1
11,28
11,27
11,26
11,19
11,17
11,15
11,13
11,12
11,11
11,8
11,6
11,4
11,3
11,2
11,1
10,291
10,253
10,225
10,207
10,206
10,189
10,166
10,141
10,137
10,128
10,121
